image: bag2-laser-SLAM_TOOLBOX.pgm
resolution: 0.050000
origin: [-8.801908, -6.163080, 0.000000]
negate: 0
occupied_thresh: 0.65
free_thresh: 0.196

