image: clean.png
resolution: 0.050000
origin: [-8.631917, -5.904604, 0.000000]
negate: 0
occupied_thresh: 0.65
free_thresh: 0.196

